p1   Optimal value: 2014

Customer : 1  2  3  4  5  6  7  8  9 10 11 12 13 14 15 16 17 18 19 20
Plant    : 5  2  9  5  8  8  7  3  3  9  4  4  2  5  2  5  7  7  3  9



p2   Optimal value: 4251

Customer : 1  2  3  4  5  6  7  8  9 10 11 12 13 14 15 16 17 18 19 20
Plant    :10  7  1  8  6  9 10  6  9  4 10  6  6  7  4  8  4  7 10  1



p3   Optimal value: 6051

Customer : 1  2  3  4  5  6  7  8  9 10 11 12 13 14 15 16 17 18 19 20
Plant    : 4  1  3 10  9  9  7  5  4  3  9 10 10  4  4  7  5  5  3  9



p4   Optimal value: 7168

Customer : 1  2  3  4  5  6  7  8  9 10 11 12 13 14 15 16 17 18 19 20
Plant    : 8  7  7 10 10  1  1  1  7 10  5  5  5 10  8  1  6  4  1  4



p5   Optimal value: 4551

Customer : 1  2  3  4  5  6  7  8  9 10 11 12 13 14 15 16 17 18 19 20
Plant    : 1  5  5  7  9  2  6  1  5  7  4  9  7  2  4  2  1  4  7  1



p6   Optimal value: 2269

Customer : 1  2  3  4  5  6  7  8  9 10 11 12 13 14 15 16 17 18 19 20
Plant    : 7  7  4  2  3  5  5  9  4  3 10  3  4  7  3  9  9  2 10  5



p7   Optimal value: 4366

Customer : 1  2  3  4  5  6  7  8  9 10 11 12 13 14 15 16 17 18 19 20 21 22 23 24 25 26 27 28 29 30
Plant    :11  7 14 11  7  6  6 14 15  7 15 15 14 11  7  7 11  7 14  7 14 11  6  6  2 14  5  6  2  6



p8   Optimal value: 7926

Customer : 1  2  3  4  5  6  7  8  9 10 11 12 13 14 15 16 17 18 19 20 21 22 23 24 25 26 27 28 29 30
Plant    : 8  9 12 13 14  8 14  1  9  1  8  6  9 11 13  8 12  6 14  8 13  9 11  6  6 14 11  6 11 12



p9   Optimal value: 2480

Customer : 1  2  3  4  5  6  7  8  9 10 11 12 13 14 15 16 17 18 19 20 21 22 23 24 25 26 27 28 29 30
Plant    : 6  4  5  3  8  3 13 12 14  6  8 12  2  1  1  7  1  1 13  5 14  2 12  7  8  5  3  6  4  4



p10   Optimal value: 23112

Customer : 1  2  3  4  5  6  7  8  9 10 11 12 13 14 15 16 17 18 19 20 21 22 23 24 25 26 27 28 29 30
Plant    : 9  2  6 14 15  1  9  3  2  9  1 14  3 12 12  9  6  2  7  2  7 15  1 15 12 14  6 12 14  7



p11   Optimal value: 3447

Customer : 1  2  3  4  5  6  7  8  9 10 11 12 13 14 15 16 17 18 19 20 21 22 23 24 25 26 27 28 29 30
Plant    : 9 14 13  4  1 14  6  1 10 15 14 10  8  8  2  2 11 15  4  1  4  9  8 15  2 13 14 15  1  8



p12   Optimal value: 3711

Customer : 1  2  3  4  5  6  7  8  9 10 11 12 13 14 15 16 17 18 19 20 21 22 23 24 25 26 27 28 29 30
Plant    :15  5 11 11 15  6 11  9 11 10  5  1  9  1  5 10 14 14  1 14  1 14  6 11 10  1 15 11  6  5



p13   Optimal value: 3760

Customer : 1  2  3  4  5  6  7  8  9 10 11 12 13 14 15 16 17 18 19 20 21 22 23 24 25 26 27 28 29 30
Plant    :10 13 11 11  5  6 13  9 13 10  5  4  4  1  5 11 15  1  1 13  1  6 11 11 10  9  4 13  6  5



p14   Optimal value: 5965

Customer : 1  2  3  4  5  6  7  8  9 10 11 12 13 14 15 16 17 18 19 20 21 22 23 24 25 26 27 28 29 30
Plant    : 7 15 15 14  2  8 15 15 15  8  2 15  8 14  5 14 14 15 15 15  2  8  4  4  8  8  7 14 15  7



p15   Optimal value: 7816

Customer : 1  2  3  4  5  6  7  8  9 10 11 12 13 14 15 16 17 18 19 20 21 22 23 24 25 26 27 28 29 30
Plant    : 5 12  8 14  7  8 14  4  5  8 15  6  1  4  2 13 13 15 15 12 12  1  7  4  2  6  6 13  1  7



p16   Optimal value: 11543

Customer : 1  2  3  4  5  6  7  8  9 10 11 12 13 14 15 16 17 18 19 20 21 22 23 24 25 26 27 28 29 30
Plant    : 5 12  8 14  7  8 14  4  5  8 15  6  1  4  2 13 13 15 15 12 12  1  7  4  2  6  6 13  1  7



p17   Optimal value: 9884

Customer : 1  2  3  4  5  6  7  8  9 10 11 12 13 14 15 16 17 18 19 20 21 22 23 24 25 26 27 28 29 30
Plant    :11 12 12  6 11 11  4  6  6  7  1 12  4  7  1 12  4  6  7  1 11 11  1  7  1  7  1  7  1 12



p18   Optimal value: 15607

Customer : 1  2  3  4  5  6  7  8  9 10 11 12 13 14 15 16 17 18 19 20 21 22 23 24 25 26 27 28 29 30 31 32 33 34 35 36 37 38 39 40
Plant    :14  1  9 20  9 20  3 17 12  1 12 16  9 20  6  5  9  6 12 14  9  1  3  1 20  5  7  7 13 12  5 20 14  3  7  1  7 16  3  7



p19   Optimal value: 18683

Customer : 1  2  3  4  5  6  7  8  9 10 11 12 13 14 15 16 17 18 19 20 21 22 23 24 25 26 27 28 29 30 31 32 33 34 35 36 37 38 39 40
Plant    :19  1 19 11 20  9  9 11 11  1 19  9 20 20 20  7  3 19  2  7  3  7 11  1  8  3 20  9  2  8  1 19  2 11  1  3  7  1  7 14



p20   Optimal value: 26561

Customer : 1  2  3  4  5  6  7  8  9 10 11 12 13 14 15 16 17 18 19 20 21 22 23 24 25 26 27 28 29 30 31 32 33 34 35 36 37 38 39 40
Plant    : 3 17 15 20 13 17 19 13  1  2 10  7  7  5 20 16 19 16  5 10  6  3 18  3 10  5  5  3  1  2 16 19  7 10 18 20 16 19  2 20



p21   Optimal value: 7295

Customer : 1  2  3  4  5  6  7  8  9 10 11 12 13 14 15 16 17 18 19 20 21 22 23 24 25 26 27 28 29 30 31 32 33 34 35 36 37 38 39 40
Plant    :15  8 11 15  2 12  6  7  3  3 14 20  5  1  2 18 14 17 15 20 11  7  6  1  2  3  1  9  9  8 20  9  9  3 12 17 11 18  9 12



p22   Optimal value: 3271

Customer : 1  2  3  4  5  6  7  8  9 10 11 12 13 14 15 16 17 18 19 20 21 22 23 24 25 26 27 28 29 30 31 32 33 34 35 36 37 38 39 40
Plant    : 6  8  8  6  8 18 18  7  7  6  8 16  8 14  8  9  7  9  7  9  8  8  8 14 18 16  9  7 18  8  8 16 18  7  6  9  9 10  9 10



p23   Optimal value: 6036

Customer : 1  2  3  4  5  6  7  8  9 10 11 12 13 14 15 16 17 18 19 20 21 22 23 24 25 26 27 28 29 30 31 32 33 34 35 36 37 38 39 40
Plant    :10 10  5 17  5 10 17 17 11 10 10 10 19 14  5  5 14 14 17 17 17 14 17  5 10 19  5 10 14  8  5 13 14 17 10 11 14  8 17 13



p24   Optimal value: 6327

Customer : 1  2  3  4  5  6  7  8  9 10 11 12 13 14 15 16 17 18 19 20 21 22 23 24 25 26 27 28 29 30 31 32 33 34 35 36 37 38 39 40
Plant    :17  9 13 11  2 11 11  2 11 12 11 11  3  3 11 12 17 11 17  3 11 11  3  3  3 13  3  2 13  9 17 11  3 11 11 12 17 17 17 17



p25   Optimal value: 8947

Customer : 1  2  3  4  5  6  7  8  9 10 11 12 13 14 15 16 17 18 19 20 21 22 23 24 25 26 27 28 29 30 31 32 33 34 35 36 37 38 39 40
Plant    : 4  5 19  6  4 19  6  6  5  5 19  2  6  5  4  2  2  5 19  4  2  4  2 19  4  6  2  2  6  2 19  4  4  2  2 19 19  5  4  5



p26   Optimal value: 4448

Customer : 1  2  3  4  5  6  7  8  9 10 11 12 13 14 15 16 17 18 19 20 21 22 23 24 25 26 27 28 29 30 31 32 33 34 35 36 37 38 39 40 41 42 43 44 45 46 47 48 49 50
Plant    :11  4 20  8 20 14  8  3 20 16  1 16  4  1  5  8  8  2 11 16  3  5  5 19  1  3 19 16 19 14  1  4  1  1  4 14  1 16  8  8 20  4  8  6 14  3  6 16  8  3



p27   Optimal value: 10921

Customer : 1  2  3  4  5  6  7  8  9 10 11 12 13 14 15 16 17 18 19 20 21 22 23 24 25 26 27 28 29 30 31 32 33 34 35 36 37 38 39 40 41 42 43 44 45 46 47 48 49 50
Plant    :20  7 16 15 15 16  4 16 16  4 15  7  7 16  7 15 16 20 15  7  4  7 16 16 15 15 20  4 16 15  4 15  7 15  4 15 15  4 16  4  7  7 16  4  4  7 15  7 16 16
89


p28   Optimal value: 11117

Customer : 1  2  3  4  5  6  7  8  9 10 11 12 13 14 15 16 17 18 19 20 21 22 23 24 25 26 27 28 29 30 31 32 33 34 35 36 37 38 39 40 41 42 43 44 45 46 47 48 49 50
Plant    :17  8 20 14 15 18 20 18 18 20  6  7 18 19 19  8 20 14 18 17 19  7 15  6 20  7 19 19 14 14 17 17 19 15 18  7 18 14  8 20 18 20  7  8 15  8 19  8 20 19



p29   Optimal value: 9832

Customer : 1  2  3  4  5  6  7  8  9 10 11 12 13 14 15 16 17 18 19 20 21 22 23 24 25 26 27 28 29 30 31 32 33 34 35 36 37 38 39 40 41 42 43 44 45 46 47 48 49 50
Plant    : 1  5  1 16 16  1 12  7  5  4 12 10 11  1  1  1  5 11 10  4 16 16 11  1 16  5 12  5  7  1 11 16  5 11 11 16  5  1 10  4  5  1 10 16  1  5 16 16  5 10



p30   Optimal value: 10816

Customer : 1  2  3  4  5  6  7  8  9 10 11 12 13 14 15 16 17 18 19 20 21 22 23 24 25 26 27 28 29 30 31 32 33 34 35 36 37 38 39 40 41 42 43 44 45 46 47 48 49 50
Plant    : 7  5  5 15 10  8 11 20 11  3 12 19 15 13  3 10  3  7  6 19  2 15  6 10  7 14  2 20  1 14  6 20 20 12 11 11 19 11  1 10 18  8 19 18 18  5  2  2 14 13



p31   Optimal value: 4466

Customer : 1  2  3  4  5  6  7  8  9 10 11 12 13 14 15 16 17 18 19 20 21 22 23 24 25 26 27 28 29 30 31 32 33 34 35 36 37 38 39 40 41 42 43 44 45 46 47 48 49 50
Plant    :13  7 13  8  7  8 10 20  7  7  6  7 17  8 20 10  8  8  2 20 19 10 10  8  3 10 10 10 20 10  3 13  7  2 17  6 20  2  7 19 20 13 10 19  6  2 13  8  8  6



p32   Optimal value: 9881

Customer : 1  2  3  4  5  6  7  8  9 10 11 12 13 14 15 16 17 18 19 20 21 22 23 24 25 26 27 28 29 30 31 32 33 34 35 36 37 38 39 40 41 42 43 44 45 46 47 48 49 50
Plant    : 5  8  9  5  9  9  3  9  3  3  7  7  9  7  7  3  3  3  5  5  3  9  8  3  3  9  5  8  7  8  7  7  7  3  9  9  9  8  8  5  7  9  9  8  5  5  8  5  7  9



p33   Optimal value: 39463

Customer : 1  2  3  4  5  6  7  8  9 10 11 12 13 14 15 16 17 18 19 20 21 22 23 24 25 26 27 28 29 30 31 32 33 34 35 36 37 38 39 40 41 42 43 44 45 46 47 48 49 50
Plant    : 3  4  6  6 18 16  3  9 13  4  7 14 13  9 17 10  4 19 12 18 15 10 16  9 16 17 19 13 14 16 17  7 18 18 19 12 13 19 15  6 11 12 10 17 17  9 10 19 10  6



p34   Optimal value: 4701

Customer : 1  2  3  4  5  6  7  8  9 10 11 12 13 14 15 16 17 18 19 20 21 22 23 24 25 26 27 28 29 30 31 32 33 34 35 36 37 38 39 40 41 42 43 44 45 46 47 48 49 50 51 52 53 54 55 56 57 58 59 60
Plant    :23 28 16 23 17 24  6 28 21 17 17 11 16 21  6 24 17 21 21  6  6 24 21 23 23 21 28 16  6 16 28  6 11  6 24  6 23  6 11 28 21 23 23 17 24 21 28 21  6 23 28  6 23 17 11 11  6 17 23 21



p35   Optimal value: 5456

Customer : 1  2  3  4  5  6  7  8  9 10 11 12 13 14 15 16 17 18 19 20 21 22 23 24 25 26 27 28 29 30 31 32 33 34 35 36 37 38 39 40 41 42 43 44 45 46 47 48 49 50 51 52 53 54 55 56 57 58 59 60
Plant    :17  5  5 23  5 29  5 17 22 17 29 29 17  5 17  2 19  5 22 19 22 19 22 23 23 19 19 23 29 29 28 28 19 29  5 28 28  2 22 29 23 17 17 23 23  2 28  2 23 23  2 28  2 29 19 17 28 29 22 17



p36   Optimal value: 16781

Customer : 1  2  3  4  5  6  7  8  9 10 11 12 13 14 15 16 17 18 19 20 21 22 23 24 25 26 27 28 29 30 31 32 33 34 35 36 37 38 39 40 41 42 43 44 45 46 47 48 49 50 51 52 53 54 55 56 57 58 59 60
Plant    :15  2 28 19 18 28 24 17 17 30 17 15 22 22 20 30 22 30 17 19 24 30 19 18 30 18  2 19 17 22 24 22 22 30 17 28 15 30 22 15 15  2 19 17 28 17 24 28 24 24 22 17 24 28 15 15 19  2  2 15



p37   Optimal value: 14668

Customer : 1  2  3  4  5  6  7  8  9 10 11 12 13 14 15 16 17 18 19 20 21 22 23 24 25 26 27 28 29 30 31 32 33 34 35 36 37 38 39 40 41 42 43 44 45 46 47 48 49 50 51 52 53 54 55 56 57 58 59 60
Plant    :17  8 22 18 13 22 16 17  3  3 22 18 16  9  9 22 13 17 17  8 18 13 16 22  9 13  3 18 17 13  3 22 18 16  3 13 17 18  3  3 16 18 18 17 18 16 13 17  8  3  8 16  3  3 16 22 13 13 18 22



p38   Optimal value: 47249

Customer : 1  2  3  4  5  6  7  8  9 10 11 12 13 14 15 16 17 18 19 20 21 22 23 24 25 26 27 28 29 30 31 32 33 34 35 36 37 38 39 40 41 42 43 44 45 46 47 48 49 50 51 52 53 54 55 56 57 58 59 60
Plant    :16 26 15 19  9 15 18 24 22 24 26 11 26  7  2 15 21  9  7 26 30 23 30  9 11  7 19 30 19 22 18 21 21 14 14 22 14 24 16  9 24 26  7 22 18 23 22 30  7 23  2 25 14 25 25 16 30 24 25  2



p39   Optimal value: 41007

Customer : 1  2  3  4  5  6  7  8  9 10 11 12 13 14 15 16 17 18 19 20 21 22 23 24 25 26 27 28 29 30 31 32 33 34 35 36 37 38 39 40 41 42 43 44 45 46 47 48 49 50 51 52 53 54 55 56 57 58 59 60
Plant    : 4 24 19  7 26 11 23 26 27 23 19 19 23  7 26  4 19  1  2 15 24 15  3  8 11  1  1 23  3 27  1 15  7 24  1 11 19  3  8 20  8  3  7 24  4  3 26 23 20  2 26  2  8 15 11 26 11  7  8  4



p40   Optimal value: 61633

Customer : 1  2  3  4  5  6  7  8  9 10 11 12 13 14 15 16 17 18 19 20 21 22 23 24 25 26 27 28 29 30 31 32 33 34 35 36 37 38 39 40 41 42 43 44 45 46 47 48 49 50 51 52 53 54 55 56 57 58 59 60
Plant    :28  5 27  5 26 28 27 26 14 27  8 24  1 10 16 24 26 28  9  8  6  6 10  6 22 22  1 22 14  5  5  5 16 26 27 29 29 24 24  9  9 28  9 29  5  8 10 10 14 22 28 16 24 14 16  8  9 10 14 29



p41   Optimal value: 17246

Customer : 1  2  3  4  5  6  7  8  9 10 11 12 13 14 15 16 17 18 19 20 21 22 23 24 25 26 27 28 29 30 31 32 33 34 35 36 37 38 39 40 41 42 43 44 45 46 47 48 49 50 51 52 53 54 55 56 57 58 59 60
Plant    : 5  7  5 13 11  5  7 11 11 11  7  5 13 13  5 11 11  5  5 11 11  5  5 13 13 13  7 13  7 11  5  5 11  7  7  7  7 11  7  5 11 13 11  7 13 11 13  7 11  5  7  7 13 13  7  7  7 11  5 13



p42   Optimal value: 7887

Customer : 1  2  3  4  5  6  7  8  9 10 11 12 13 14 15 16 17 18 19 20 21 22 23 24 25 26 27 28 29 30 31 32 33 34 35 36 37 38 39 40 41 42 43 44 45 46 47 48 49 50 51 52 53 54 55 56 57 58 59 60 61 62 63 64 65 66 67 68 69 70 71 72 73 74 75
Plant    : 2 15 22  3 15 10 22 13 15 13 15 13 14 13 14 13 24 10 24 15  8 13 10  2 10  2 24 10 13 13 13 15 24 22  8  3 22  2 24  2 24  8  8  8  3  3 10 15 14  2 10 14 24 14 24 22 14 14 10 22  8 22  3  3  3 24  3 14 22  2  8 22 13 22  8



p43   Optimal value: 5114

Customer : 1  2  3  4  5  6  7  8  9 10 11 12 13 14 15 16 17 18 19 20 21 22 23 24 25 26 27 28 29 30 31 32 33 34 35 36 37 38 39 40 41 42 43 44 45 46 47 48 49 50 51 52 53 54 55 56 57 58 59 60 61 62 63 64 65 66 67 68 69 70 71 72 73 74 75
Plant    : 3  3 20 20 22 19 19 19 14 19 20 23 22 14 23 24 22 23 24 14 20 22 23 20 14 19 24 20 24 19 14 14 14 24 23 19  3  3 20 23 19 24 24 23 20 19 24 23 19 23  3 23 23 14 20 24 24 14 22 24 20 19 20 22 22 24 19 14 19 22 22 23 23 14 20



p44   Optimal value: 36022

Customer : 1  2  3  4  5  6  7  8  9 10 11 12 13 14 15 16 17 18 19 20 21 22 23 24 25 26 27 28 29 30 31 32 33 34 35 36 37 38 39 40 41 42 43 44 45 46 47 48 49 50 51 52 53 54 55 56 57 58 59 60 61 62 63 64 65 66 67 68 69 70 71 72 73 74 75
Plant    : 6 27  6 28 30  1 26 10  5  2 30 20 10 17  6 27  2  4 10  2 18 27 27 25  4 19  1 26  1 12 29 27 29 12 26 12 17 17 28  6 19 19 20 30  6 12  4 18 17 28  5  2 19  1  4 26 20 20  5 25 27 29 30  5 20  5  2 12 30  4 29 29 18 10 10



p45   Optimal value: 17676

Customer : 1  2  3  4  5  6  7  8  9 10 11 12 13 14 15 16 17 18 19 20 21 22 23 24 25 26 27 28 29 30 31 32 33 34 35 36 37 38 39 40 41 42 43 44 45 46 47 48 49 50 51 52 53 54 55 56 57 58 59 60 61 62 63 64 65 66 67 68 69 70 71 72 73 74 75
Plant    :10 15 10  6 19 16 19  6 21  6 29 29  8 14  6 14 19 10  6 29  6  6 21 21  6 16 10 15 29 19 14 15 21 14 29 29 16 29 16 14 19 19 29 16 10 16 14 21 21 10 16 15  8  8 21  8 29 15 14 19 16  6 16  8 15 19 14 14 14 19 21  6 16 29 19



p46   Optimal value: 48701

Customer : 1  2  3  4  5  6  7  8  9 10 11 12 13 14 15 16 17 18 19 20 21 22 23 24 25 26 27 28 29 30 31 32 33 34 35 36 37 38 39 40 41 42 43 44 45 46 47 48 49 50 51 52 53 54 55 56 57 58 59 60 61 62 63 64 65 66 67 68 69 70 71 72 73 74 75
Plant    :26  7  7  8 13 21 12 12 19 14  8 26 27 17 26 21 28 19 27 28 27 17  8 25  8 21 26 27 21 26  8 27 19 12 27 14 27  8 14 21 25 26 27 27 26  8 27 26 19  7 26 19 17  7 19 19 25 14 28 13  8 21 27 27 13  8 14 28 13 19 26 12 13 28 14



p47   Optimal value: 66230

Customer : 1  2  3  4  5  6  7  8  9 10 11 12 13 14 15 16 17 18 19 20 21 22 23 24 25 26 27 28 29 30 31 32 33 34 35 36 37 38 39 40 41 42 43 44 45 46 47 48 49 50 51 52 53 54 55 56 57 58 59 60 61 62 63 64 65 66 67 68 69 70 71 72 73 74 75
Plant    :11 13 14 27  2  1  4 28  3  1 23 14 23 28  3 30 28 14  2  2 28  2 11 23  4  4 23  4 30 14 30 23 11 11  3 27  3  4 30  3  4 27 27 30 27  3 14 13 30 11 14 11  1  3  1  4 30 14 27 14 23 28 14  1 28 23 11 30 11  1 27  1 23 23  3



p48   Optimal value: 58964

Customer : 1  2  3  4  5  6  7  8  9 10 11 12 13 14 15 16 17 18 19 20 21 22 23 24 25 26 27 28 29 30 31 32 33 34 35 36 37 38 39 40 41 42 43 44 45 46 47 48 49 50 51 52 53 54 55 56 57 58 59 60 61 62 63 64 65 66 67 68 69 70 71 72 73 74 75
Plant    :21  4 19  5  4 26 21 29 28 19 26 19 19  4 29 28 26 28 29 28 26 26 19 28  4 21 29 21  5 29 28  4 26 21 26  5 29 21 21 26  4  4  5 21 19 28 28  5 19  4 21  5 26 19 29  5  4 21  4 26 19 29 26 19  5 19 19  4 26 19  5  5 21  5 26



p49   Optimal value: 79614

Customer : 1  2  3  4  5  6  7  8  9 10 11 12 13 14 15 16 17 18 19 20 21 22 23 24 25 26 27 28 29 30 31 32 33 34 35 36 37 38 39 40 41 42 43 44 45 46 47 48 49 50 51 52 53 54 55 56 57 58 59 60 61 62 63 64 65 66 67 68 69 70 71 72 73 74 75
Plant    :22 16 12 12  1 15  3 26 15 13 12 22 26 12  3 15 19 22 26 26  1  1  1 22  4 15 16  1  3 18  7 22 16 26 15  3 12 15 18 12  3  4 13 19 19 26  1 18 22 13 19 22  3  7  1 12 22  3  3 22  7 18 22 12  3 13 26 19 13 13 18 19 16 12 18



p50   Optimal value: 5937

Customer : 1  2  3  4  5  6  7  8  9 10 11 12 13 14 15 16 17 18 19 20 21 22 23 24 25 26 27 28 29 30 31 32 33 34 35 36 37 38 39 40 41 42 43 44 45 46 47 48 49 50 51 52 53 54 55 56 57 58 59 60 61 62 63 64 65 66 67 68 69 70 71 72 73 74 75 76 77 78 79 80 81 82 83 84 85 86 87 88 89 90
Plant    :22 18 20 20 18 18 13 17 13 19 13 22 13 17 17 13 17 19 13 18 22 18 17 22 20 20 18 18 13 13 20 14 22 19 13 18 13 19 18 13 22 18 18 18 20 17 17 20 22 20 19 14 18 19 14 19 19 14 17 19 19 14 18 20 22 22 20 18 22 20 22 14 19 20 13 18 19 20 17 20 22 22 17 20 20 17 13 19 20 14



p51   Optimal value: 9060

Customer : 1  2  3  4  5  6  7  8  9 10 11 12 13 14 15 16 17 18 19 20 21 22 23 24 25 26 27 28 29 30 31 32 33 34 35 36 37 38 39 40 41 42 43 44 45 46 47 48 49 50 51 52 53 54 55 56 57 58 59 60 61 62 63 64 65 66 67 68 69 70 71 72 73 74 75 76 77 78 79 80 81 82 83 84 85 86 87 88 89 90
Plant    :11 24 22 11  4 18 13  4  4 11  8 11 12  4  8 11 22 12 24  9 11  8  4 24  4  8  8 11  8  8 22  4  4  9 24 13 18 18 11  8  8  8  4 11  4 24 12 18 24 18  4  9  4 24 18  8 18 22 12 11 12  9  9 11 24  9 22 18  9 13 24 24 12 18 12 22 11  8  4 24 22 11 12 22 12  8 13 12 18 24



p52   Optimal value: 34652

Customer : 1  2  3  4  5  6  7  8  9 10 11 12 13 14 15 16 17 18 19 20 21 22 23 24 25 26 27 28 29 30 31 32 33 34 35 36 37 38 39 40 41 42 43 44 45 46 47 48 49 50 51 52 53 54 55 56 57 58 59 60 61 62 63 64 65 66 67 68 69 70 71 72 73 74 75 76 77 78 79 80 81 82 83 84 85 86 87 88 89 90
Plant    : 4 30 30 20  6 30  5  5 20 24 15 13 24 24 24 15  8 24 21 15 24  6 14 13 14  8 21  6 21 22  5 14 30 30  4 14  5 24  4 20  6  5  5 13 30 20 30 24 14 20 13  4 22  8 13  6 13 22 15  5 22 14 24 24 24  5  6  8  4  8  5  6 13 24  5 30  8 22  8  4 22 30 15  5 14  8 15  8 21 30



p53   Optimal value: 30038

Customer : 1  2  3  4  5  6  7  8  9 10 11 12 13 14 15 16 17 18 19 20 21 22 23 24 25 26 27 28 29 30 31 32 33 34 35 36 37 38 39 40 41 42 43 44 45 46 47 48 49 50 51 52 53 54 55 56 57 58 59 60 61 62 63 64 65 66 67 68 69 70 71 72 73 74 75 76 77 78 79 80 81 82 83 84 85 86 87 88 89 90
Plant    :15  3 27 27  1 25 25 29 25 22 29 27  8  7 29 29 27  3 15  8  8 15 29 27 23 11 22 17 22 27 23  3 17  1 15  7  3  1 23 23 23 15 15 17 17  5 22  5 23  3 11  1  3  8 25  8 11 23 27 11  7 27 11 11  5  5  1 11  5  1 27  8 22 25  1 29 29  3  1 25 25  3  7 29  5 22  5 22  8  5



p54   Optimal value: 43853

Customer : 1  2  3  4  5  6  7  8  9 10 11 12 13 14 15 16 17 18 19 20 21 22 23 24 25 26 27 28 29 30 31 32 33 34 35 36 37 38 39 40 41 42 43 44 45 46 47 48 49 50 51 52 53 54 55 56 57 58 59 60 61 62 63 64 65 66 67 68 69 70 71 72 73 74 75 76 77 78 79 80 81 82 83 84 85 86 87 88 89 90
Plant    :15 27  2 27  7 13  7  2 26 26 15 16  6  9 26 27 16 16 26  6 26 27  6 16 26 26 26 13 15  6  2 27  9  6 16  9  6 16 13 16 27 26  9  9 27 26  9 16 27  2 16 26  2 26 26  9 15 26 13 27  7 15  9  6 27 27  6  2 26 15 16 26 15  7 13  7 26 16  9 26  9  9 13 26  7 15 27  6  9  6



p55   Optimal value: 69610

Customer : 1  2  3  4  5  6  7  8  9 10 11 12 13 14 15 16 17 18 19 20 21 22 23 24 25 26 27 28 29 30 31 32 33 34 35 36 37 38 39 40 41 42 43 44 45 46 47 48 49 50 51 52 53 54 55 56 57 58 59 60 61 62 63 64 65 66 67 68 69 70 71 72 73 74 75 76 77 78 79 80 81 82 83 84 85 86 87 88 89 90
Plant    : 9 13 18 20 26 26 28  5  9 13 22 11 25 24 18  5 26  3 25  9  9 28 24 13 11 29 26 10 22 29 28 18 10 28 28 24 29  5 24  9 22  3 10 22  3 29 20 20 29 29 13  3  9 28 25 18 13  5 11 22  5 26 25 28 10 22  9 11  9 20  3 28 29 13 26  3  9 25 25 11 24 28 25 11 29 18  3 22  9 28



p56   Optimal value: 64474

Customer : 1  2  3  4  5  6  7  8  9 10 11 12 13 14 15 16 17 18 19 20 21 22 23 24 25 26 27 28 29 30 31 32 33 34 35 36 37 38 39 40 41 42 43 44 45 46 47 48 49 50 51 52 53 54 55 56 57 58 59 60 61 62 63 64 65 66 67 68 69 70 71 72 73 74 75 76 77 78 79 80 81 82 83 84 85 86 87 88 89 90
Plant    :28 21 27 17  3 29 28 28  4 17 27 17 21 29 28 21  3  3  3 29  4  3 28 21  6 21  4 17  3  3 17  4  3 29 17 17 28 29 21  4  6 29  4 28  4  6 17 29 17 29  6 28 17  6  4  4 21  4 28 28 29 21 29 21 29 17  6  6 17 28  3 29 17  6  3  6  4 27  4  6 29  6 29  4  3 17 17 27 21  3



p57   Optimal value: 49791

Customer : 1  2  3  4  5  6  7  8  9 10 11 12 13 14 15 16 17 18 19 20 21 22 23 24 25 26 27 28 29 30 31 32 33 34 35 36 37 38 39 40 41 42 43 44 45 46 47 48 49 50 51 52 53 54 55 56 57 58 59 60 61 62 63 64 65 66 67 68 69 70 71 72 73 74 75 76 77 78 79 80 81 82 83 84 85 86 87 88 89 90
Plant    : 1  1 25 21  2 21 21 21  4  2  2 21 10  1  2  1 25  4  4  4  1  2 10 10 25  4  2  4  1  5 10  1  4  5 10  5  5  4  1 21 25  4 21  4 25  1  4 25 21 25  5 10  4  2 21 10  5  5 10  5  1  5  2  2 21  2  1  5  1  4 10  5  2 10  5  4  5  4  4 25  5  4 10  1  5 10  1 10  1  5
